报告日,营业总收入,营业收入,利息收入,已赚保费,手续费及佣金收入,房地产销售收入,其他业务收入,营业总成本,营业成本,手续费及佣金支出,房地产销售成本,退保金,赔付支出净额,提取保险合同准备金净额,保单红利支出,分保费用,其他业务成本,营业税金及附加,研发费用,销售费用,管理费用,财务费用,利息费用,利息支出,投资收益,对联营企业和合营企业的投资收益,以摊余成本计量的金融资产终止确认产生的收益,汇兑收益,净敞口套期收益,公允价值变动收益,期货损益,托管收益,补贴收入,其他收益,资产减值损失,信用减值损失,其他业务利润,资产处置收益,营业利润,营业外收入,非流动资产处置利得,营业外支出,非流动资产处置损失,利润总额,所得税费用,未确认投资损失,净利润,持续经营净利润,终止经营净利润,归属于母公司所有者的净利润,被合并方在合并前实现净利润,少数股东损益,其他综合收益,归属于母公司所有者的其他综合收益,（一）以后不能重分类进损益的其他综合收益,重新计量设定受益计划变动额,权益法下不能转损益的其他综合收益,其他权益工具投资公允价值变动,企业自身信用风险公允价值变动,（二）以后将重分类进损益的其他综合收益,权益法下可转损益的其他综合收益,可供出售金融资产公允价值变动损益,其他债权投资公允价值变动,金融资产重分类计入其他综合收益的金额,其他债权投资信用减值准备,持有至到期投资重分类为可供出售金融资产损益,现金流量套期储备,现金流量套期损益的有效部分,外币财务报表折算差额,其他,归属于少数股东的其他综合收益,综合收益总额,归属于母公司所有者的综合收益总额,归属于少数股东的综合收益总额,基本每股收益,稀释每股收益,数据源,是否审计,公告日期,币种,类型,更新日期
20260331,4259455651.23,4259455651.23,,,,,,3970167305.86,3571681366.42,,,,,,,,,22473540.25,100336689.84,127902805.61,184085302.55,-36312398.81,279941.65,,64162192.03,62862192.03,,,,397663.3,,,,15965110.47,-23674639.0,-16119200.91,,-386684.08,329632787.18,11124087.29,,753176.6,,340003697.87,46278961.35,,293724736.52,293724736.52,,178460115.8,,115264620.72,,,,,,,,,,,,,,,,,,,,293724736.52,178460115.8,115264620.72,0.17,0.17,定期报告,未审计,20260422,CNY,合并期末,2026-04-21T16:08:04
20251231,19294378577.1,19294378577.1,,,,,,18272357107.61,16337727459.84,,,,,,,,,86035428.15,725481100.35,554885682.15,789612911.14,-221385474.02,4273414.71,,364189255.3,351378918.2,,,,25989428.44,,,,194959561.73,-120015497.61,-370359956.23,,184845471.84,1301629732.96,8594759.18,,2816519.85,,1307407972.29,116939704.99,,1190468267.3,1190468267.3,,792469348.62,,397998918.68,,,,,,,,,,,,,,,,,,,,1190468267.3,792469348.62,397998918.68,0.77,0.77,定期报告,是,20260321,CNY,合并期末,2026-03-20T18:24:02
20250930,14708751237.99,14708751237.99,,,,,,13897025829.65,12500828194.5,,,,,,,,,62263308.49,519443609.74,452668576.19,533857025.32,-172034884.59,2270875.11,,320059095.48,308725520.0,,,,16987600.25,,,,124448969.49,-16200039.72,-188747196.29,,-5917701.29,1062356136.26,5631182.58,,1958600.32,,1066028718.52,49583976.37,,1016444742.15,1016444742.15,,704878310.9,,311566431.25,,,,,,,,,,,,,,,,,,,,1016444742.15,704878310.9,311566431.25,0.69,0.69,定期报告,未审计,20251031,CNY,合并期末,2025-10-30T18:12:17
20250630,9437763967.8,9437763967.8,,,,,,8916407543.82,7984343640.82,,,,,,,,,41429822.1,335305536.33,319442455.18,360519645.33,-124633555.94,1990539.04,,214458666.74,211950263.44,,,,21492974.34,,,,60184809.04,-21499059.98,-97611917.66,,-7154496.93,691227399.53,4728281.51,,1086271.82,,694869409.22,1371976.15,,693497433.07,693497433.07,,490678604.63,,202818828.44,,,,,,,,,,,,,,,,,,,,693497433.07,490678604.63,202818828.44,0.48,0.48,定期报告,未审计,20250823,CNY,合并期末,2025-08-22T17:32:03
20250331,4211876532.3,4211876532.3,,,,,,3957974574.32,3544831910.05,,,,,,,,,21236442.78,104230559.04,128618987.57,192604745.49,-33548070.61,287194.47,,92193980.58,91493980.58,,,,15699989.88,,,,25174225.0,4996087.28,-30175482.03,,68900.17,361859658.86,2661414.78,,670870.18,,363850203.46,47725491.94,,316124711.52,316124711.52,,203536313.86,,112588397.66,,,,,,,,,,,,,,,,,,,,316124711.52,203536313.86,112588397.66,0.2,0.2,定期报告,未审计,20260422,CNY,合并期末,2025-04-25T16:56:10
20241231,20682465815.73,20682465815.73,,,,,,19375408442.01,17370525765.38,,,,,,,,,96049608.75,766251942.88,594943337.15,829702717.53,-282064929.68,4356519.6,,350245009.88,336482988.63,,,,21105365.77,,,,194247310.86,-100722169.73,-316186177.59,,12096230.42,1467842943.33,24329173.13,,3679707.57,,1488492408.89,137074872.07,,1351417536.82,1351417536.82,,937334128.78,,414083408.04,,,,,,,,,,,,,,,,,,,,1351417536.82,937334128.78,414083408.04,0.92,0.92,定期报告,是,20260321,CNY,合并期末,2025-03-21T16:42:03
20240930,15685019093.44,15685019093.44,,,,,,14705580815.66,13213574747.63,,,,,,,,,69984144.08,574271647.08,454196330.71,619641002.91,-226087056.75,2475910.17,,272928730.54,260545921.29,,,,7866025.55,,,,131749425.94,-4726574.07,-241147777.03,,-9285710.77,1136822397.94,6008384.17,,2636060.54,,1140194721.57,59033864.63,,1081160856.94,1081160856.94,,728395651.5,,352765205.44,,,,,,,,,,,,,,,,,,,,1081160856.94,728395651.5,352765205.44,0.71,0.71,定期报告,未审计,20251031,CNY,合并期末,2024-10-28T18:02:05
20240630,10083863107.76,10083863107.76,,,,,,9406021631.55,8427523738.67,,,,,,,,,50744921.04,368776324.93,318224298.37,417311940.78,-176559592.24,1796999.58,,186852887.44,174874192.35,,,,-8561555.81,,,,56324338.05,564324.65,-116100724.88,,-16058.99,796904686.67,5498349.07,,1607374.41,,800795661.33,17457470.1,,783338191.23,783338191.23,,525770820.02,,257567371.21,,,,,,,,,,,,,,,,,,,,783338191.23,525770820.02,257567371.21,0.51,0.51,定期报告,未审计,20250823,CNY,合并期末,2024-08-16T17:42:04
20240331,4311142142.36,4311142142.36,,,,,,4036270642.66,3603655012.35,,,,,,,,,28311865.56,108660778.35,153002603.66,203351774.98,-60711392.24,966741.98,,65516397.4,65516397.4,,,,1848851.75,,,,28633271.89,442073.48,-3871157.47,,1635886.73,369076823.48,4461373.27,,552000.53,,372986196.22,49663757.83,,323322438.39,323322438.39,,212299141.97,,111023296.42,,,,,,,,,,,,,,,,,,,,323322438.39,212299141.97,111023296.42,0.21,0.21,定期报告,未审计,20250426,CNY,合并期末,2024-04-26T20:32:03
20231231,22321161349.91,22321161349.91,,,,,,20877642717.94,18735905728.05,,,,,,,,,110620990.35,789349272.49,660442686.34,836995459.01,-255671418.3,5942041.85,,268986440.99,257059308.84,,,,21885052.13,,,,280345124.62,-24465568.53,-321086865.3,,15397455.11,1684580270.99,31830756.57,,3174557.97,,1713236469.59,150547799.22,,1562688670.37,1562688670.37,,999920379.39,,562768290.98,,,,,,,,,,,,,,,,,,,,1562688670.37,999920379.39,562768290.98,0.98,0.98,定期报告,是,20250322,CNY,合并期末,2024-03-22T16:32:02
20230930,17263435657.36,17263435657.36,,,,,,16005322127.81,14565564876.02,,,,,,,,,70651631.31,522645004.2,496866387.95,558457109.76,-208862881.43,2303754.7,,218086261.19,213043164.76,,,,27674344.63,,,,108275861.42,-11508664.47,-239382202.67,,-10680280.94,1350578848.71,3547362.17,,1738177.43,,1352388033.45,92364167.3,,1260023866.15,1260023866.15,,813288577.66,,446735288.49,,,,,,,,,,,,,,,,,,,,1260023866.15,813288577.66,446735288.49,0.8,0.8,定期报告,未审计,20241029,CNY,合并期末,2023-10-27T17:47:09
20230630,10896345906.04,10896345906.04,,,,,,10129762241.61,9185994919.58,,,,,,,,,45922702.55,344493610.42,321043195.06,389044130.35,-156736316.35,3144003.97,,150892138.4,145989254.26,,,,37638153.6,,,,84773807.5,10629241.29,-171424766.74,,-9712422.52,869379815.96,1009766.64,,1605866.98,,868783715.62,30709359.33,,838074356.29,838074356.29,,555996290.96,,282078065.33,,,,,,,,,,,,,,,,,,,,838074356.29,555996290.96,282078065.33,0.54,0.54,定期报告,未审计,20240817,CNY,合并期末,2023-08-24T16:12:05
20230331,4538573542.18,4538573542.18,,,,,,4273505116.57,3817838693.62,,,,,,,,,23546152.34,124017975.73,164905089.44,196335253.86,-53138048.42,740373.14,,61419971.93,61419971.93,,,,25349848.28,,,,45574648.33,-8611344.5,23544128.62,,450035.51,412795713.78,208156.26,,1094067.02,,411909803.02,58819291.13,,353090511.89,353090511.89,,230968204.46,,122122307.43,,,,,,,,,,,,,,,,,,,,353090511.89,230968204.46,122122307.43,0.23,0.23,定期报告,未审计,20240427,CNY,合并期末,2023-04-24T15:47:03
20221231,23569528884.33,23569528884.33,,,,,,22030296370.81,19930520603.33,,,,,,,,,86533040.63,789051407.44,712127331.5,747493510.38,-235429522.47,5411042.48,,287973315.76,279602343.69,,,,7572295.84,,,,122998451.38,3450974.91,-369612899.16,,37931139.02,1629545791.27,38639764.2,,1142551.06,,1667043004.41,133124316.62,,1533918687.79,1533918687.79,,981474003.98,,552444683.81,,,,,,,,,,,,,,,,,,,,1533918687.79,981474003.98,552444683.81,0.96,0.96,定期报告,是,20240323,CNY,合并期末,2023-03-24T16:32:04
20220930,16932926170.32,16932926170.32,,,,,,15658215118.66,14236370577.86,,,,,,,,,64390444.17,504879261.1,535856159.98,511826481.71,-195107806.16,3285344.95,,194356882.69,191928911.08,,,,-14753378.68,,,,53529655.95,-2187142.48,-179162000.29,,8532921.79,1335027990.64,4813558.01,,8478274.77,,1331363273.88,94639676.93,,1236723596.95,1236723596.95,,766102117.82,,470621479.13,,,,,,,,,,,,,,,,,,,,1236723596.95,766102117.82,470621479.13,0.75,0.75,定期报告,未审计,20231028,CNY,合并期末,2022-10-27T16:17:02
20220630,8920857797.07,8920857797.07,,,,,,8247550571.65,7441027948.41,,,,,,,,,43580625.04,255379876.87,308637004.25,320785602.69,-121860485.61,2510914.31,,73710130.95,73224752.88,,,,-5118466.46,,,,37883438.61,19485726.6,-61472195.54,,-1419047.13,736376812.45,1380072.36,,7136175.36,,730620709.45,12469711.38,,718150998.07,718150998.07,,425561327.81,,292589670.26,,,,,,,,,,,,,,,,,,,,718150998.07,425561327.81,292589670.26,0.42,0.42,定期报告,未审计,20230825,CNY,合并期末,2022-08-19T16:17:05
20220331,3957043299.51,3957043299.51,,,,,,3678334138.75,3273817676.08,,,,,,,,,23570282.68,90537608.08,167438692.53,163883704.87,-40913825.49,706301.74,,42938489.26,42938489.26,,,,-3484214.72,,,,18830582.54,246362.97,-12025806.61,,527084.94,325741659.14,1657251.15,,5387381.03,,322011529.26,44026733.08,,277984796.18,277984796.18,,165646612.99,,112338183.19,,,,,,,,,,,,,,,,,,,,277984796.18,165646612.99,112338183.19,0.16,0.16,定期报告,未审计,20230425,CNY,合并期末,2022-04-26T15:42:04
20211231,24716738608.2,24716738608.2,,,,,,22857297740.63,20691112252.92,,,,,,,,,90247776.35,830669043.6,720217229.05,720177599.75,-195126161.04,6196821.95,,299689200.21,293517152.41,,,,30352307.09,,,,118816827.86,-75073737.24,-998497089.94,,-3059291.89,1231669083.66,54564931.99,,1104863.78,,1285129151.87,112531011.77,,1172598140.1,1172598140.1,,810918305.54,,361679834.56,229261.07,229261.07,,,,,,229261.07,,,,,,,,,229261.07,229261.07,,1172827401.17,811147566.61,361679834.56,0.79,0.79,定期报告,是,20230325,CNY,合并期末,2022-03-24T18:32:04
20210930,18231984981.06,18231984981.06,,,,,,16722759751.37,15259858905.71,,,,,,,,,61185171.07,564285728.99,525618042.08,474504512.94,-162692609.42,3698629.78,,226655228.32,221133180.51,,,,17523518.27,,,,57921653.97,-6303131.26,-181913794.37,,-2184801.93,1620923902.69,5884295.98,,863795.33,,1625944403.34,144978957.15,,1480965446.19,1480965446.19,,935468857.09,,545496589.1,229261.07,229261.07,,,,,,229261.07,,,,229261.07,,,,,,,,1481194707.26,935698118.16,545496589.1,0.91,0.91,定期报告,未审计,20221028,CNY,合并期末,2021-10-27T15:37:04
20210630,11434917765.28,11434917765.28,,,,,,10493814298.05,9546571156.31,,,,,,,,,37310122.31,322353926.94,362331845.91,344744175.51,-119496928.93,3444947.44,,171307497.86,169889980.54,,,,19499822.09,,,,20927049.02,-4995759.03,-93921665.25,,-2350330.2,1051570081.72,7293180.32,,423771.96,,1058439490.08,78244847.91,,980194642.17,980194642.17,,628200810.28,,351993831.89,,,,,,,,,,,,,,,,,,,,980194642.17,628200810.28,351993831.89,0.61,0.61,定期报告,未审计,20220820,CNY,合并期末,2021-08-20T16:32:04
20210331,4656235905.77,4656235905.77,,,,,,4308706735.96,3871451491.46,,,,,,,,,15514895.99,121820093.71,184317758.79,157541912.57,-41939416.56,471825.71,,69286394.39,69286394.39,,,,4284211.15,,,,13380634.78,-1154620.9,2901516.1,,-16808.58,436210496.75,1934352.41,,296959.78,,437847889.38,53538366.04,,384309523.34,384309523.34,,252054818.97,,132254704.37,,,,,,,,,,,,,,,,,,,,384309523.34,252054818.97,132254704.37,0.25,0.25,定期报告,未审计,20220427,CNY,合并期末,2021-04-28T15:37:03
20201231,23394105805.46,23394105805.46,,,,,,21485893668.17,19392776917.76,,,,,,,,,88674334.83,790155286.92,651338521.17,763971320.07,-201022712.58,8170117.22,,292058123.24,285826864.69,,,,288808.21,,,,35196995.33,-9882707.89,-286759863.78,,-3302750.0,1935810742.4,37604479.63,,1925850.11,,1971489371.92,185747734.29,,1785741637.63,1785741637.63,,1129961314.04,28325401.9,655780323.59,-970349.07,-970349.07,,,,,,-970349.07,,,,-229261.07,,,,,-741088.0,-229261.07,,1784771288.56,1128990964.97,655780323.59,1.1,1.1,定期报告,是,20220325,CNY,合并期末,2021-03-17T17:52:03
20200930,17118783818.27,17118783818.27,,,,,,15623328139.03,14283446246.25,,,,,,,,,54042461.8,586265594.44,416527695.11,467314575.71,-184268434.28,3854068.65,,203054659.42,201243681.99,,,,6902986.45,,,,13344505.53,4365373.04,-137408362.24,,-3216876.34,1582497965.1,10235961.76,,1156632.44,,1591577294.42,142621552.88,,1448955741.54,1448955741.54,,919090894.22,,529864847.32,6673.82,6673.82,,,,,,6673.82,,,,,,,,,6673.82,,,1448962415.36,919097568.04,529864847.32,0.9,0.9,定期报告,未审计,20211028,CNY,合并期末,2020-10-23T15:47:03
20200630,10977369601.15,10977369601.15,,,,,,10021940918.37,9190970404.08,,,,,,,,,38947909.4,356851109.96,279514472.62,292946827.18,-137289804.87,3375013.33,,127172291.31,126779027.45,,,,3473303.63,,,,9543794.64,4595129.59,-93136035.83,,-562410.77,1006514755.35,4849226.86,,901079.23,,1010462902.98,71641156.38,,938821746.6,938821746.6,,593349057.31,28325401.9,345472689.29,2993.46,2993.46,,,,,,2993.46,,,,,,,,,2993.46,,,938824740.06,593352050.77,345472689.29,0.58,0.58,定期报告,未审计,20210821,CNY,合并期末,2020-08-21T17:37:03
20200331,3120538459.97,3120538459.97,,,,,,2947405195.11,2638146652.68,,,,,,,,,22641756.34,94150725.19,111485054.31,131838526.01,-50857519.42,491116.76,,23829063.69,23829063.69,,,,4906220.7,,,,2565284.17,-21656504.56,2302730.92,,-582068.23,184497991.55,3656893.92,,739549.26,,187415336.21,24739154.39,,162676181.82,162676181.82,,106613510.97,,56062670.85,,,,,,,,,,,,,,,,,,,,162676181.82,106613510.97,56062670.85,0.1,0.1,定期报告,未审计,20210429,CNY,合并期末,2020-04-28T17:17:04
20191231,22287777845.49,22287777845.49,,,,,,20578958222.25,18495260137.98,,,,,,,,,77010182.02,751249079.91,726551989.47,759139015.46,-230252182.59,4621513.44,,300232460.58,283152268.06,,,,24958850.12,,,,36674837.39,-12060703.35,-112357423.01,,-4149616.04,1942118028.93,42548795.08,,1107457.41,,1983559366.6,200384951.71,,1783174414.89,1783174414.89,,1129931561.64,55130743.81,653242853.25,111290.97,111290.97,,,,,,111290.97,,,,,,,,,111290.97,,,1783285705.86,1130042852.61,653242853.25,1.1,1.1,定期报告,是,20210318,CNY,合并期末,2020-04-02T18:02:02
20190930,16748066263.26,16748066263.26,,,,,,15280029204.73,13883591964.02,,,,,,,,,60843471.1,480796718.93,524431128.71,534824903.79,-204458981.82,2962168.92,,224332187.43,214081889.2,,,,14644913.66,,,,9854096.61,-1057140.37,-132599785.97,,-4050432.63,1579160897.26,2054700.86,,10212678.73,,1571002919.39,144088861.21,,1426914058.18,1426914058.18,,905489397.33,,521424660.85,194232.46,194232.46,,,,,,194232.46,,,,,,,,,194232.46,,,1427108290.64,905683629.79,521424660.85,0.89,0.89,定期报告,未审计,20201024,CNY,合并期末,2020-03-13T16:00:40
20190630,10838904465.57,10838904465.57,,,,,,9881458067.84,8968592115.8,,,,,,,,,38259876.75,351865376.33,319491638.0,354912320.61,-151663259.65,2407242.04,,172702846.88,163577979.3,,,,13661887.26,,,,5874077.74,-1057140.37,-90952636.61,,-439687.63,1057235745.0,3405927.72,,9548043.93,,1051093628.79,74886127.56,,976207501.23,976207501.23,,638524016.33,30405753.91,337683484.9,-10571.35,-10571.35,,,,,,-10571.35,,,,,,,,,-10571.35,,,976196929.88,638513444.98,337683484.9,0.62,0.62,定期报告,未审计,20200822,CNY,合并期末,2020-03-13T16:00:40
20190331,4266937532.23,4266937532.23,,,,,,3907562942.37,3538129773.0,,,,,,,,,18755953.6,106958907.65,139764266.43,146453661.43,-42499619.74,417044.16,,63143676.05,62793676.05,,,,18097508.41,,,,,,-30076254.48,,-194639.77,410344880.07,1041592.67,,161603.09,,411224869.65,52499186.99,,358725682.66,358725682.66,,234183712.37,,124541970.29,,,,,,,,,,,,,,,,,,,,358725682.66,234183712.37,124541970.29,0.23,0.23,定期报告,未审计,20200429,CNY,合并期末,2020-03-13T16:00:40
20181231,21233742463.09,21233742463.09,,,,,,19070765323.66,17178505650.29,,,,,,,,,88238202.74,697042855.07,724492171.12,648676921.64,-266190477.2,1677807.07,,307404582.81,304820193.74,,,,-9120246.56,,,,38005816.94,-489077.55,-124093667.49,,-21714694.93,2352969852.65,74060164.5,,1092151.14,,2425937866.01,290220617.52,,2135717248.49,2135717248.49,,1268490377.86,,867226870.63,456001.78,456001.78,,,,,,456001.78,,,,,,,,,456001.78,,,2136173250.27,1268946379.64,867226870.63,1.24,1.24,定期报告,是,20200403,CNY,合并期末,2020-03-13T16:00:40
20180930,15909823128.3,15909823128.3,,,,,,14152262916.26,12769312772.2,,,,,,,,,72077164.1,552258904.06,491311861.5,490305615.77,-223003401.37,1255712.08,,214208115.78,212373726.52,,,,-10127393.3,,,,8408320.61,146349.57,6027347.09,,-1240185.7,1974982766.09,3105809.44,,14373448.11,,1963715127.42,227658263.6,,1736056863.82,1736056863.82,,1032456467.22,,703600396.6,205783.08,205783.08,,,,,,205783.08,,,,,,,,,205783.08,,,1736262646.9,1032662250.3,703600396.6,1.01,1.01,定期报告,未审计,20191029,CNY,合并期末,2020-03-13T16:00:40
20180630,10308432863.28,10308432863.28,,,,,,9210880701.0,8246400053.15,,,,,,,,,53440398.83,362894487.32,339030182.24,348503123.33,-139387543.87,822270.83,,142435555.64,141509882.56,,,,-18242348.9,,,,5234175.94,-484533.16,4552712.07,,-1151235.15,1229896488.72,2198030.22,,14250267.47,,1217844251.47,127760607.8,,1090083643.67,,,653583366.04,,436500277.63,205783.08,205783.08,,,,,,205783.08,,,,,,,,,205783.08,,,1090289426.75,653789149.12,436500277.63,0.64,0.64,定期报告,未审计,20190824,CNY,合并期末,2020-03-13T16:00:40
20180331,3981658165.36,3981658165.36,,,,,,3583107031.31,3170883561.72,,,,,,,,,24680489.94,96006761.85,172332071.95,160084678.73,-30022098.69,388720.83,,56228697.51,56228697.51,,,,-340582.65,,,,584000.0,,,,-66454.83,454956794.08,3095736.49,,3833044.71,,454219485.86,59226030.11,,394993455.75,394993455.75,,238803602.36,,156189853.39,,,,,,,,,,,,,,,,,,,,394993455.75,238803602.36,156189853.39,0.23,0.23,定期报告,未审计,20190427,CNY,合并期末,2020-03-13T16:00:40
20171231,19471146411.05,19471146411.05,,,,,,17215905300.81,15226925132.92,,,,,,,,,118281818.69,655864085.45,706517294.05,641948370.87,-218525078.5,2172877.18,,335160128.08,280139998.45,,,,,,,,38073844.0,,,,-2634605.08,2625840477.24,75784142.76,,549308.51,,2701075311.49,339907733.63,,2361167577.86,2361167577.86,,1390330531.8,,970837046.06,-48098590.85,-48098590.85,,,,,,-48098590.85,,-64125456.0,,,,,,,-4498.85,16031364.0,,2313068987.01,1342231940.95,970837046.06,1.36,1.36,定期报告,是,20190316,CNY,合并期末,2020-03-13T16:00:40
20170930,14693527606.42,14693527606.42,,,,,,12939335816.48,11628814912.92,,,,,,,,,85319248.39,418450656.37,529202614.25,478838032.01,-185063057.89,966731.91,,236500925.87,234266318.96,,,,,,,,10493693.11,,,,-2747190.84,1998439218.08,1732790.12,618005.38,367809.44,3365196.22,1999804198.76,240726737.48,,1759077461.28,1759077461.28,,1045060818.8,,714016642.48,102123.37,102123.37,,,,,,102123.37,,-1705831.12,,,,,,,102123.37,,,1759179584.65,1045162942.17,714016642.48,1.02,1.02,定期报告,未审计,20181030,CNY,合并期末,2020-03-13T16:00:40
20170630,9613219456.07,9613219456.07,,,,,,8589286940.5,7633692655.87,,,,,,,,,65982482.2,,373089927.09,651720570.57,-126181120.72,,,155147077.78,154141558.41,,,,,,,,7859077.74,,,,-177407.02,1186761264.07,1680989.23,596880.2,83630.75,774287.22,1188358622.55,132673082.61,,1055685539.94,,,630705169.41,,424980370.53,6556423.47,6556423.47,,,,,,6556423.47,,8605733.43,,,,,,,102123.4,,,1062241963.41,637261592.88,424980370.53,0.62,0.62,定期报告,未审计,20180817,CNY,合并期末,2020-03-13T16:00:40
20170331,3794547830.43,3794547830.43,,,,,,3414258723.12,2976584444.52,,,,,,,,,29384721.87,,213695958.05,246324752.13,-47618347.41,,,66598248.35,66598248.35,,,,,,,,,,,,,446887355.66,2184879.26,82897.34,276000.1,205795.72,448796234.82,57078127.97,,391718106.85,391718106.85,,238991845.15,,152726261.7,8796268.2,8796268.2,,,,,,8796268.2,,11728357.6,,,,,,,,-2932089.4,,400514375.05,247788113.35,152726261.7,0.23,0.23,定期报告,未审计,20180427,CNY,合并期末,2020-03-13T16:00:40
20161231,18938551893.71,18938551893.71,,,,,,16870242172.34,14780967899.44,,,,,,,,,148289534.95,,689775545.35,1348474399.55,-283499786.54,,,564831382.4,275673512.3,,,,,,,,,,,,2583506.83,2635724610.6,131773620.62,7875567.65,9772409.22,5292060.82,2757725822.0,344119329.13,,2413606492.87,2413606492.87,,1449090972.84,,964515520.03,-982788.02,-982788.02,,,,,,-982788.02,,-1548109.73,,,,,,,178294.1,,,2412623704.85,1448108184.82,964515520.03,1.42,1.42,定期报告,是,20180329,CNY,合并期末,2020-03-13T16:00:40
20160930,14218450906.1,14218450906.1,,,,,,12562744109.69,11180763428.89,,,,,,,,,103667800.89,,495531408.83,953494349.96,-235356508.59,,,425547452.24,212366929.51,,,,,,,,,,,,,2081254248.65,12798105.23,2171599.44,9998188.63,668650.72,2084054165.25,236458428.51,,1847595736.74,,,1142857874.96,,704737861.78,-28366344.45,-28366344.45,,,,,,-28366344.45,,-38066295.03,,,,,,,183376.82,9516573.76,,1819229392.29,1114491530.51,704737861.78,1.12,1.12,定期报告,未审计,20171030,CNY,合并期末,2020-03-13T16:00:40
20160630,9271315229.15,9271315229.15,,,,,,8301174377.34,7291362019.01,,,,,,,,,82012392.04,,347131879.6,663893559.3,-158272204.98,,,326237733.1,135412552.55,,,,,,,,,,,,,1296378584.91,9764258.76,2001976.23,9682131.8,526556.0,1296460711.87,131520976.13,,1164939735.74,,,742254955.06,,422684780.68,-26873141.84,-26873141.84,,,,,,-26873141.84,,-36075358.21,,,,,,,183376.82,,,1138066593.9,715381813.22,422684780.68,0.73,0.73,定期报告,未审计,20170830,CNY,合并期末,2020-03-13T16:00:40
20160331,3775359862.36,3775359862.36,,,,,,3403322803.06,2979672630.2,,,,,,,,,42992139.28,,145371900.64,288924674.2,-69286065.95,,,51533212.6,51533212.6,,,,,,,,,,,,,423570271.9,6117942.03,,663923.23,,429024290.7,57333063.56,,371691227.14,,,219355821.86,,152335405.28,-21554469.38,-21554469.38,,,,,,-21554469.38,,-28739292.51,,,,,,,,7184823.13,,350136757.76,197801352.48,152335405.28,0.21,0.21,定期报告,未审计,20170421,CNY,合并期末,2020-03-13T16:00:40
20151231,19295534666.82,19295534666.82,,,,,,17749178134.87,15117878402.59,,,,,,,,,151298695.35,,772143600.41,1782457942.68,-318083164.19,,,1151206092.81,216718386.62,,,,,,,,,,,,,2697562624.76,521979291.28,14085524.44,24684135.06,6501068.59,3194857780.98,394481905.89,,2800375875.09,,,1834572111.93,,965803763.16,5618539.76,5618539.76,-7181677.24,-7181677.24,,,,12800217.0,,31718325.92,,,,,,,-10988527.44,,,2805994414.85,1840190651.69,965803763.16,1.79,1.79,定期报告,是,20170317,CNY,合并期末,2020-03-13T16:00:40
20150930,14753293830.16,14753293830.16,,,,,,13459516051.62,11642318913.57,,,,,,,,,121435065.36,,616311011.04,1246319073.75,-232714382.28,,,1143457684.75,215475533.71,,,,,,,,,,,,,2437235463.29,177972519.07,,57799306.11,12455426.71,2557408676.25,237408339.46,,2320000336.79,,,1619025727.38,,700974609.41,79127152.64,79127152.64,36855054.32,36855054.32,,,,42272098.32,,15950864.21,,,,,,,30308950.16,-3987716.05,,2399127489.43,1698152880.02,700974609.41,1.58,1.58,定期报告,未审计,20161029,CNY,合并期末,2020-03-13T16:00:40
20150630,9829497798.77,9829497798.77,,,,,,9111139487.76,7801959717.0,,,,,,,,,77594340.98,,438084366.19,916950550.4,-138132029.4,,,240115838.14,160132633.3,,,,,,,,,,,,,958474149.15,169167409.21,10120590.42,10949979.81,10614764.48,1116691578.55,143495446.5,,973196132.05,,,551656053.84,,421540078.21,21161153.06,21161153.06,-7181677.24,-7181677.24,,,,28342830.3,,52441810.32,,,,,,,-10988527.44,-13110452.58,,994357285.11,572817206.9,421540078.21,0.54,0.54,定期报告,未审计,20160826,CNY,合并期末,2020-03-13T16:00:40
20150331,4151295665.3,4151295665.3,,,,,,3894644025.3,3312008819.99,,,,,,,,,37283240.6,,208163069.54,382675273.57,-58736729.45,,,69799508.15,69088698.63,,,,,,,,,,,,,326451148.15,29058164.51,8672333.43,3026171.33,2565287.4,352483141.33,60095590.35,,292387550.98,,,142196490.46,,150191060.52,21088889.88,21088889.88,-4597379.87,-4597379.87,,,,21088889.88,,45624810.03,,,,,,,-13129717.64,-11406202.51,,313476440.86,163285380.34,150191060.52,0.14,0.14,定期报告,未审计,20160429,CNY,合并期末,2020-03-13T16:00:40
20141231,20778933220.52,20778933220.52,,,,,,19153435367.64,16242127953.23,,,,,,,,,154535099.59,,983815921.95,1876778470.83,-227863780.55,,,316311672.65,308344285.94,,,,,,,,,,,,,1941809525.53,201808816.63,58419411.31,16909244.28,14828511.17,2126709097.88,326917131.16,,1799791966.72,,,857882099.57,,941909867.15,12678499.35,12678499.35,8123951.51,8123951.51,,,,4554547.84,,31594020.76,,,,,,,-19140967.73,,,1812470466.07,870560598.92,941909867.15,0.84,0.84,定期报告,是,20160330,CNY,合并期末,2020-03-13T16:00:40
20140930,15575183289.37,15575183289.37,,,,,,14263461475.1,12274014787.58,,,,,,,,,129833994.85,,759160445.75,1311561912.96,-190844994.93,,,273831285.45,267878359.23,,,,,,,,,,,,,1585553099.72,91903690.24,,4247524.62,553277.34,1673209265.34,259819928.72,,1413389336.62,,,741582103.89,,671807232.73,13815160.79,13815160.79,7924008.22,7924008.22,,,,5891152.57,,22360109.63,,,,,,,-16468957.06,,,1427204497.41,755397264.68,671807232.73,0.73,0.73,定期报告,未审计,20151030,CNY,合并期末,2020-03-13T16:00:40
20140630,10136316637.43,10136316637.43,,,,,,9347286430.6,8038090291.47,,,,,,,,,84670343.25,,514231780.66,887189511.44,-119308104.13,,,182282145.13,181016731.13,,,,,,,,,,,,,971312351.96,46909124.68,3996331.54,4031634.47,3361263.97,1014189842.17,152292514.75,,861897327.42,,,461346680.07,,400550647.35,-11710446.95,-11710446.95,-7657184.35,-7657184.35,,,,-4053262.6,,-3487803.76,,,,,,,-1437409.78,871950.94,,850186880.47,449636233.12,400550647.35,0.45,0.45,定期报告,未审计,20150828,CNY,合并期末,2020-03-13T16:00:40
20140331,4133240256.2,4133240256.2,,,,,,3881361140.76,3269606314.16,,,,,,,,,40893605.85,,247375429.67,384622815.71,-54076508.65,,,90165233.57,90165233.57,,,,,,,,,,,,,342044349.01,24371840.62,221024.42,1141529.33,553277.34,365274660.3,52811584.19,,312463076.11,,,171427591.55,,141035484.56,-2020226.36,-2020226.36,,,,,,-2020226.36,,-3663791.88,,,,,,,727617.55,915947.97,,310442849.75,169407365.19,141035484.56,0.17,0.17,定期报告,未审计,20150424,CNY,合并期末,2020-03-13T16:00:40
20131231,19907077075.11,19907077075.11,,,,,,18423804681.86,15670770649.25,,,,,,,,,137698423.0,,938233144.65,1839728726.0,-258834817.98,,,243256941.71,367880015.48,,,,,,,,,,,,,1726529334.96,362666621.55,5437488.47,7624440.91,5426379.37,2081571515.6,244560765.3,,1837010750.3,,,943833546.36,,893177203.94,-25554739.65,-25554739.65,-52967587.77,-52967587.77,,,,27412848.12,,45239563.62,,,,,,,-6516824.59,,,1811456010.65,918278806.71,893177203.94,0.92,0.92,定期报告,是,20150317,CNY,合并期末,2020-03-13T16:00:40
20130930,14618769623.62,14618769623.62,,,,,,13409305831.96,11611711540.88,,,,,,,,,108324837.53,,705962389.58,1166382034.47,-194751671.67,,,135170590.54,300622194.09,,,,,,,,,,,,,1344634382.2,98242502.21,,3228543.71,1701811.84,1439648340.7,176598193.36,,1263050147.34,,,622286203.16,,640763944.18,36708517.38,,,,,,,,,,,,,,,,,,,1299758664.72,658994720.54,640763944.18,0.61,0.61,定期报告,未审计,20141020,CNY,合并期末,2020-03-13T16:00:40
20130630,9381540032.26,9381540032.26,,,,,,8707702784.89,7542876267.82,,,,,,,,,71322030.21,,447350690.71,776169353.78,-111189186.41,,,52985679.45,210398153.76,,,,,,,,,,,,,726822926.82,19174584.2,,2792955.05,1275648.16,743204555.97,95189080.35,,648015475.62,,,284170982.26,,363844493.36,11909951.2,,,,,,,,,,,,,,,,,,,659925426.82,296080933.46,363844493.36,0.28,0.28,定期报告,未审计,20140815,CNY,合并期末,2020-03-13T16:00:40
20130331,3883863244.56,3883863244.56,,,,,,3723017023.8,3154730635.73,,,,,,,,,30607092.65,,192717975.55,359530187.45,-13005963.01,,,91924218.49,90435164.07,,,,,,,,,,,,,252770439.25,10118244.64,,1099705.82,698267.84,261788978.07,46108035.97,,215680942.1,,,88005601.91,,127675340.19,-570456.95,,,,,,,,,,,,,,,,,,,215110485.15,87435144.96,127675340.19,0.086,0.086,定期报告,未审计,20140429,CNY,合并期末,2020-03-13T16:00:40
20121231,17743250879.58,17743250879.58,,,,,,16680775137.35,14295199209.41,,,,,,,,,151094119.47,,858629127.98,1482340908.65,-159518248.33,,,437060383.78,280633741.67,,,,,,,,,,,,,1499536126.01,192673637.23,,13071322.82,6715665.34,1679138440.42,364313757.83,,1314824682.59,,,703489403.11,,611335279.48,-33989737.82,,,,,,,,,,,,,,,,,,,1280834944.77,669499665.29,611335279.48,0.69,0.69,定期报告,是,20140328,CNY,合并期末,2020-03-13T16:00:40
20120930,13454135360.23,13454135360.23,,,,,,12725243384.1,10906926142.75,,,,,,,,,108281857.07,,626435048.36,1173732261.54,-147003306.55,,,381381343.19,228566939.73,,,,,,,,,,,,,1110273319.32,92056767.44,,2316865.27,2034684.96,1200013221.49,164225288.47,,1035787933.02,,,590196572.86,,445591360.16,-31340267.11,,,,,,,,,,,,,,,,,,,1004447665.91,558856305.75,445591360.16,0.58,0.58,定期报告,未审计,20131030,CNY,合并期末,2020-03-13T16:00:40
20120630,8557742823.43,8557742823.43,,,,,,8166616821.66,6972383936.41,,,,,,,,,70670348.96,,418607755.56,755560311.13,-80097840.84,,,308724475.71,156109708.37,,,,,,,,,,,,,699850477.48,25863393.96,,1873325.31,1494703.85,723840546.13,96317797.07,,627522749.06,,,356604224.36,,270918524.7,146392.49,,,,,,,,,,,,,,,,,,,627669141.55,356750616.85,270918524.7,0.35,0.35,定期报告,未审计,20130830,CNY,合并期末,2020-03-13T16:00:40
20120331,3664426203.06,3664426203.06,,,,,,3530801673.13,2938737046.05,,,,,,,,,24932592.22,,216361484.55,339743391.82,3970447.52,,,225440021.86,73692375.95,,,,,,,,,,,,,359064551.79,8176435.25,,268699.33,61703.0,366972287.71,42954189.49,,324018098.22,,,210031203.34,,113986894.88,-6906843.44,,,,,,,,,,,,,,,,,,,317111254.78,203124359.9,113986894.88,0.205,0.205,定期报告,未审计,20130426,CNY,合并期末,2020-03-13T16:00:40
20111231,17882491613.73,17882491613.73,,,,,,17343024961.05,14530926115.96,,,,,,,,,101958128.01,,835764990.08,1714669003.94,-92471741.67,,,321528155.96,318643650.76,,,,,,,,,,,,,860994808.64,263227985.83,,20602208.28,5113995.68,1103620586.19,204218528.84,,899402057.35,,,432586650.38,,466815406.97,40336234.7,,,,,,,,,,,,,,,,,,,939738292.05,472922885.08,466815406.97,0.42,0.42,定期报告,是,20130328,CNY,合并期末,2020-03-13T16:00:40
20110930,13766055137.28,13766055137.28,,,,,,13128933612.02,11229007530.03,,,,,,,,,82227021.62,,651388793.46,1212370547.35,-44085666.15,,,250401336.11,264342834.32,,,,-5849549.69,,,,,,,,,881673311.68,217863319.82,,12034797.37,4304223.68,1087501834.13,181835267.13,,905666567.0,,,514123143.7,,391543423.3,5168886.83,,,,,,,,,,,,,,,,,,,910835453.83,519292030.53,391543423.3,0.5,0.5,定期报告,未审计,20121030,CNY,合并期末,2020-03-13T16:00:40
20110630,7366026241.62,7366026241.62,,,,,,6794747507.94,5952172825.33,,,,,,,,,50935124.37,,339288086.79,521332474.6,-60403988.41,,,206154765.76,202217265.76,,,,,,,,,,,,,777433499.44,15536528.57,,4492054.79,3327942.11,788477973.22,94252380.44,,694225592.78,,,449910723.8,,244314868.98,-287965.93,,,,,,,,,,,,,,,,,,,693937626.85,449622757.87,244314868.98,0.44,0.44,定期报告,未审计,20120824,CNY,合并期末,2020-03-13T16:00:40
20110331,3228286800.91,3228286800.91,,,,,,2999155135.16,2595919278.01,,,,,,,,,14073529.74,,199457623.34,238303364.31,-17185715.28,,,95187152.81,95149442.81,,,,,,,,,,,,,324318818.56,13408910.38,,1395314.79,687671.65,336332414.15,45997808.6,,290334605.55,,,190066752.62,,100267852.93,-162495.17,,,,,,,,,,,,,,,,,,,290172110.38,189904257.45,100267852.93,0.186,0.186,定期报告,未审计,20120427,CNY,合并期末,2020-03-13T16:00:40
20101231,13259978831.02,13259978831.02,,,,,,12491140513.1,10700275731.11,,,,,,,,,47049591.96,,572442492.41,1077062088.37,-87600537.7,,,358487050.43,366534973.06,,,,,,,,,,,,,1127325368.35,127993009.16,,7170436.92,5148816.42,1248147940.59,161628839.0,,1086519101.59,,,665718754.99,,420800346.6,4196643.5,,,,,,,,,,,,,,,,,,,1090715745.09,670090287.5,420625457.59,0.65,0.65,定期报告,是,20120323,CNY,合并期末,2020-03-13T16:00:40
20100930,9744452405.02,9744452405.02,,,,,,9073192446.7,7867784014.79,,,,,,,,,36252827.31,,433458555.19,775436485.41,-52935929.31,,,265225190.31,273398414.92,,,,,,,,,,,,,936485148.63,38574102.66,,4103621.35,2801019.89,970955629.94,122115165.42,,848840464.52,,,529603696.33,,319236768.19,5330808.12,,,,,,,,,,,,,,,,,,,854171272.64,535109393.47,319061879.17,0.52,0.52,定期报告,未审计,20111021,CNY,合并期末,2020-03-13T16:00:40
20100630,6310896504.95,6310896504.95,,,,,,5853963369.76,5088515339.8,,,,,,,,,23807994.21,,284133934.61,478880324.41,-28857004.61,,,171484647.58,178068309.3,,,,,,,,,,,,,628417782.77,12726212.71,,1742479.98,779629.21,639401515.5,80839747.83,,558561767.67,,,352609649.94,,205952117.73,3920799.22,,,,,,,,,,,,,,,,,,,562482566.89,356705338.18,205777228.71,0.34,0.34,定期报告,未审计,20110819,CNY,合并期末,2020-03-13T16:00:40
20100331,2739090225.46,2739090225.46,,,,,,2532059426.19,2199896810.44,,,,,,,,,12045757.27,,123275317.18,217513666.13,-7999584.46,,,80532855.61,80554286.24,,,,,,,,,,,,,287563654.88,5580313.05,,725776.18,152161.23,292418191.75,35689718.99,,256728472.76,,,169447974.95,,87280497.81,-661729.8,,,,,,,,,,,,,,,,,,,256066742.96,168786245.15,87280497.81,0.166,0.166,定期报告,未审计,20110428,CNY,合并期末,2020-03-13T16:00:40
20091231,10986235317.82,10986235317.82,,,,,,10373164219.2,8888158950.18,,,,,,,,,36433124.13,,520564229.84,899709500.06,-86387668.63,,,251508369.59,247042330.38,,,,,,,,,,,,,864579468.21,86850035.86,,8930671.64,5354837.24,942498832.43,135739249.23,,806759583.2,,,465741408.69,,341018174.51,57148842.61,,,,,,,,,,,,,,,,,,,863908425.81,522890251.3,341018174.51,0.46,0.46,定期报告,是,20110325,CNY,合并期末,2020-03-13T16:00:40
20090930,8066224111.63,8066224111.63,,,,,,7426665798.8,6534738603.12,,,,,,,,,27332568.32,,393129860.59,554972324.38,-63976100.18,,,201011894.38,197074394.38,,,,,,,,,,,,,840570207.21,37492688.97,,4062623.89,2503192.36,874000272.29,102234420.34,,771765851.95,,,493135407.43,,278630444.52,48544870.69,,,,,,,,,,,,,,,,,,,820310722.64,541680278.12,278630444.52,0.48,0.48,定期报告,未审计,20101027,CNY,合并期末,2020-03-13T16:00:40
20090630,5180700037.86,5180700037.86,,,,,,4738012930.09,4183817454.49,,,,,,,,,18394534.01,,257251654.05,340190388.22,-31004034.36,,,130525571.24,126588071.24,,,,,,,,,,,,,573212679.01,22757448.74,,3092799.68,1953411.89,592877328.07,66625921.39,,526251406.68,,,334956605.77,,191294800.91,19906179.89,,,,,,,,,,,,,,,,,,,546157586.57,354862785.66,191294800.91,0.33,0.33,定期报告,未审计,20100820,CNY,合并期末,2020-03-13T16:00:40
20090331,2344474929.9,2344474929.9,,,,,,2143012149.72,1873897756.19,,,,,,,,,8894401.18,,127798549.45,163726144.58,-10473263.51,,,48014654.87,48014654.87,,,,,,,,,,,,,249477435.05,7468249.11,,1012822.63,52354.1,255932861.53,32520400.4,,223412461.13,,,136658876.02,,86753585.11,7797630.23,,,,,,,,,,,,,,,,,,,231210091.36,144456506.25,86753585.11,0.134,0.134,定期报告,未审计,20100429,CNY,合并期末,2020-03-13T16:00:40
20081231,10447383090.46,10447383090.46,,,,,,9763368850.96,8489100178.83,,,,,,,,,30051094.94,,450800611.78,759141352.01,-81025713.32,,,412102974.93,236135104.5,,,,,,,,,,,,,1096117214.43,51388300.16,,27081278.96,12472344.19,1120424235.63,153315468.67,,967108766.96,,,646604833.81,,320503933.15,-29907129.26,,,,,,,,,,,,,,,,,,,937201637.7,616697704.55,320503933.15,0.63,0.63,定期报告,是,20100409,CNY,合并期末,2020-03-13T16:00:40
20080930,7918918582.45,7918918582.45,,,,,,7268045157.88,6394198410.49,,,,,,,,,21453805.74,,375411125.96,528160805.46,-50001404.32,,,202198200.1,197168703.81,,,,,,,,,,,,,853071624.67,28336316.5,,13648879.35,7772158.21,867759061.82,141560743.21,,726198318.61,,,467593814.04,,258604504.57,,,,,,,,,,,,,,,,,,,,,,,0.457,0.457,定期报告,未审计,20091023,CNY,合并期末,2020-03-13T16:00:40
20080630,5191719881.5,5191719881.5,,,,,,4752368020.68,4175419382.91,,,,,,,,,14258088.62,,213375019.44,342386795.98,-29987967.29,,,147019454.01,142283418.91,,,,,,,,,,,,,586371314.83,18177502.11,,7296709.1,4334641.09,597252107.84,99457863.09,,497794244.75,,,325939746.52,,171854498.23,,,,,,,,,,,,,,,,,,,,,,,0.32,0.32,定期报告,未审计,20090814,CNY,合并期末,2020-03-13T16:00:40
20080331,2316491412.34,2316491412.34,,,,,,2115086900.56,1861863686.07,,,,,,,,,6704249.05,,131402491.89,144957146.95,-9773908.95,,,52705500.05,47837272.44,,,,,,,,,,,,,254110011.83,3090159.25,,1233006.08,155624.83,255967165.0,44027374.05,,211939790.95,,,132406144.48,,79533646.47,,,,,,,,,,,,,,,,,,,,,,,0.129,0.129,定期报告,未审计,20090424,CNY,合并期末,2020-03-13T16:00:40
20071231,9186192504.12,9186192504.12,,,,,,8444064926.82,7277254140.21,,,,,,,,,29132541.03,,492053156.49,638911611.91,-36694705.93,,,251429322.64,250408277.61,,,,,,,,,,,,,993556899.94,48660223.01,,10027439.89,2424043.77,1032189683.06,139283274.08,,892906408.98,,,605580532.1,,287325876.88,,,,,,,,,,,,,,,,,,,,,,,0.59,0.59,定期报告,是,20090411,CNY,合并期末,2020-03-13T16:00:40
20070930,6667310641.75,6667310641.75,,,,,,6059954400.76,5289137929.52,,,,,,,,,21674399.34,,355914981.87,434563880.16,-22649401.35,,,217566698.08,214420749.17,,,,,,,,,,,,,824922939.07,12381006.79,,5819916.15,2451067.77,831484029.71,132415189.92,,699068839.79,,,462700020.14,,236368819.65,,,,,,,,,,,,,,,,,,,,,,,0.543,0.543,定期报告,未审计,20081030,CNY,合并期末,2020-03-13T16:00:40
20070630,4210749706.72,4210749706.72,,,,,,3835697572.3,3333026643.59,,,,,,,,,14030629.8,,228683868.51,280669108.04,-8345207.46,,,149175345.76,145953407.36,,,,,,,,,,,,,524227480.18,5637303.64,,2744676.31,1822225.94,527120107.51,84352733.56,,442767373.95,,,297804166.3,,144963207.65,,,,,,,,,,,,,,,,,,,,,,,0.349,0.349,定期报告,未审计,20080816,CNY,合并期末,2020-03-13T16:00:40
20070331,1893486265.34,1893486265.34,,,,,,1742601152.93,1538991169.55,,,,,,,,,6026209.23,,94632357.79,123108354.9,-6288958.19,,,28092424.26,28033097.85,,,,,,,,,,,,,178977536.67,2129932.07,,1020668.76,110036.83,180086799.98,29650309.15,,150436490.83,,,89773214.54,,60663276.29,,,,,,,,,,,,,,,,,,,,,,,0.105,0.105,定期报告,未审计,20080425,CNY,合并期末,2020-03-13T16:00:40
20061231,7452666528.34,7452666528.34,,,,,,6810762639.1,5908634837.79,,,,,,,,,24411488.82,,351926454.54,463792200.04,-24068847.29,,,128566746.13,87740401.53,,,,,,,23502842.07,,,,34008376.84,,770470635.37,38705805.9,,7790285.19,481333.36,801386156.08,120049604.62,,681336551.46,,,417991313.26,,263345238.2,,,,,,,,,,,,,,,,,,,,,,,0.49,0.49,定期报告,是,20080415,CNY,合并期末,2020-03-13T16:00:40
20060930,5369069064.63,5369069064.63,,,,,,4944160484.82,4325070300.04,,,,,,,,,19355782.02,,261631525.1,380855326.89,-14394839.73,,,102235501.7,-875839.51,,,,,,,6412947.84,,,,21898367.89,,527144081.51,15696679.65,,5233560.32,,537607200.84,68040174.5,,469567026.34,,,283919869.48,,185647156.86,,,,,,,,,,,,,,,,,,,,,,,0.333,,定期报告,未审计,20071030,CNY,合并期末,2020-03-13T16:00:40
20060630,3496750150.33,3496750150.33,,,,,,3238391033.82,2832951004.15,,,,,,,,,12034690.78,,166882746.99,229380047.79,-8699558.69,,,43210856.37,-33692060.71,,,,,,,645674.01,,,,14257287.52,,301569972.88,8204851.75,,4551654.08,902582.36,305223170.55,43017446.37,,262205724.18,,,150833308.11,,111372416.07,,,,,,,,,,,,,,,,,,,,,,,0.177,0.177,定期报告,未审计,20070815,CNY,合并期末,2020-03-13T16:00:40
20060331,1549151378.42,1549151378.42,,,,,,1420784154.44,1238211977.52,,,,,,,,,5372169.71,,83919387.61,111590606.89,-3859506.93,,,19783984.27,17523984.27,,,,,,,645674.01,,,,7865807.0,,148151208.25,4012291.28,,534498.02,,151629001.51,21241757.58,,130387243.93,,,75180322.86,,55206921.07,,,,,,,,,,,,,,,,,,,,,,,0.0882,,定期报告,未审计,20070428,CNY,合并期末,2020-03-13T16:00:40
20051231,6862759168.26,6831533255.19,,,,,,6274948197.97,5403366370.78,,,,,,,,,18167645.33,,345423417.47,516323877.29,-8333112.9,,,-52414533.45,,,,,,,,12258095.37,,,,31225913.07,,547654532.21,23617149.72,,53805873.27,,517465808.66,108609995.86,,408855812.8,,,159443460.79,,249412352.01,,,,,,,,,,,,,,,,,,,,,,,,,定期报告,是,20070412,CNY,合并期末,2020-03-13T16:00:40
20050930,5083625856.76,5059322816.5,,,,,,4553059655.47,3924222586.18,,,,,,,,,13000135.69,,253245321.01,363413451.38,-821838.79,,,-47415743.69,,,,,,,,5234854.07,,,,24303040.26,,488385311.67,10395023.37,,41598754.82,,457181580.22,94004327.27,,363177252.95,,,133564054.07,,229613198.88,,,,,,,,,,,,,,,,,,,,,,,,,定期报告,未审计,20061030,CNY,合并期末,2020-03-13T16:00:40
20050630,3372574348.6,3356863760.23,,,,,,3001685493.8,2567321061.18,,,,,,,,,8146628.94,,162518431.43,265771022.94,-2071650.69,,,-4476487.08,,,,,,,,2993908.2,,,,15710588.37,,369406275.92,3173845.6,,22003811.78,,350576309.74,67862554.45,,282713755.29,,,122533552.03,,160180203.26,,,,,,,,,,,,,,,,,,,,,,,,,定期报告,未审计,20060815,CNY,合并期末,2020-03-13T16:00:40
20050331,1538316693.9,1530956087.85,,,,,,1372433277.6,1175375812.94,,,,,,,,,3962995.23,,79442511.94,117285447.89,-3633490.4,,,13731417.21,,,,,,,,327261.13,,,,7360606.05,,179942094.64,3600168.2,,7547256.25,,175995006.59,28974955.96,,147020050.63,,,73002861.42,,74017189.21,,,,,,,,,,,,,,,,,,,,,,,,,定期报告,未审计,20060429,CNY,合并期末,2020-03-13T16:00:40
20041231,6590388687.01,6555276828.12,,,,,,5851811530.54,4942282576.9,,,,,,,,,16086266.32,,321429749.67,584589106.21,-12576168.56,,,74080792.58,,,,,,,,10882542.87,,,,35111858.89,,823540491.92,20826106.28,,104276870.46,,740089727.74,132468882.01,,607620845.73,,,293740978.41,,313879867.32,,,,,,,,,,,,,,,,,,,,,,,,,定期报告,是,20060424,CNY,合并期末,2020-03-13T16:00:40
20040930,4895196394.16,4872593852.69,,,,,,4337572313.32,3702422381.43,,,,,,,,,11899249.69,,235363510.96,394023651.22,-6136479.98,,,40017763.36,,,,,,,,7369719.02,,,,22602541.47,,605011563.22,9919264.28,,19079848.96,,595850978.54,94242441.55,,501608536.99,,,255376997.08,,246231539.91,,,,,,,,,,,,,,,,,,,,,,,,,定期报告,未审计,20051029,CNY,合并期末,2020-03-13T16:00:40
20040630,3177953713.55,3163668063.31,,,,,,2774735724.39,2387596618.17,,,,,,,,,8100049.87,,134801678.59,245508184.92,-1270807.16,,,34125710.97,,,,,,,,4178428.35,,,,14285650.24,,441522128.48,6336196.32,,9635283.34,,438223041.46,67351775.57,,370871265.89,,,194491271.11,,176379994.78,,,,,,,,,,,,,,,,,,,,,,,,,定期报告,未审计,20050827,CNY,合并期末,2020-03-13T16:00:40
20040331,1622211218.86,1615856834.03,,,,,,1434201711.64,1235230126.97,,,,,,,,,4094045.45,,66964894.64,130140472.95,-2227828.37,,,10259862.83,,,,,,,,227244.0,,,,6354384.83,,198496614.05,2467316.85,,4989987.37,,195973943.53,32955130.91,,163018812.62,,,82187262.71,,80831549.91,,,,,,,,,,,,,,,,,,,,,,,,,定期报告,未审计,20050429,CNY,合并期末,2020-03-13T16:00:40
20031231,5608411148.47,5614840238.98,,,,,,4848364120.41,4034594196.68,,,,,,,,,14163092.99,,329991132.51,459542535.32,10073162.91,,,114382520.13,,,,,,,,6370130.46,,,,-6429090.51,,880799678.65,98143864.28,,50329929.3,,928613613.63,156154891.95,,772458721.68,,,409496123.19,,362962598.49,,,,,,,,,,,,,,,,,,,,,,,,,定期报告,是,20050225,CNY,合并期末,2020-03-13T16:00:40
20030930,4090488924.16,4073338384.87,,,,,,3516361360.08,2944267467.0,,,,,,,,,14003668.35,,239973112.85,303466718.39,14650393.49,,,126231548.87,,,,,,,,1174049.59,,,,17150539.29,,701533162.54,9567937.59,,34191043.44,,676910056.69,108366137.34,,568543919.35,,,307400101.85,,261143817.5,,,,,,,,,,,,,,,,,,,,,,,,,定期报告,未审计,20041028,CNY,合并期末,2020-03-13T16:00:40
20030630,2677769870.98,2665555632.97,,,,,,2328974017.09,1952850787.5,,,,,,,,,6332369.08,,157358942.07,196504881.39,15927037.05,,,99137772.02,,,,,,,,1449946.59,,,,12214238.01,,449383572.5,4272892.42,,6074649.96,,447581814.96,68867283.9,,378714531.06,,,220268441.96,,158446089.1,,,,,,,,,,,,,,,,,,,,,,,,,定期报告,未审计,20040812,CNY,合并期末,2020-03-13T16:00:40
20030331,1258205557.53,1253183034.15,,,,,,1108311179.79,915105404.87,,,,,,,,,3138194.45,,82777207.96,100897170.67,6393201.84,,,21058739.87,,,,,,,,229644.9,,,,5022523.38,,171182762.51,1214075.91,,1515391.71,,170881446.71,28006866.88,,142874579.83,,,73114610.66,,69759969.17,,,,,,,,,,,,,,,,,,,,,,,,,定期报告,未审计,20040429,CNY,合并期末,2020-03-13T16:00:40
20021231,4475659918.77,4468336934.68,,,,,,3821317541.15,2881983316.85,,,,,,,,,13058660.06,,317593510.41,601321222.14,7360831.69,,,80579243.65,,,,,,,,4443440.24,,,,7322984.09,,739365061.51,9515790.74,,20818857.33,,728061994.92,143668257.24,,584393737.68,,,272775662.16,,311618075.52,,,,,,,,,,,,,,,,,,,,,,,,,定期报告,是,20040326,CNY,合并期末,2020-03-13T16:00:40
20020930,3426653697.65,3419871820.3,,,,,,2923710380.28,2314903460.3,,,,,,,,,9502722.4,,228508007.62,362501878.05,8294311.91,,,68017088.62,,,,,,,,2532969.62,,,,6781877.35,,573493375.61,5760858.56,,8767398.9,,570486835.27,98765977.6,,471720857.67,,,223940968.4,,247779889.27,,,,,,,,,,,,,,,,,,,,,,,,,定期报告,未审计,20031029,CNY,合并期末,2020-03-13T16:00:40
20020630,2289833659.5,2289548356.93,,,,,,1976900964.59,1596717736.35,,,,,,,,,7358392.95,,148225737.93,219744265.62,4854831.74,,,47536007.05,,,,,,,,2532969.62,,,,285302.57,,363001671.58,3321180.24,,7355051.34,,358967800.48,64164786.92,,294803013.56,,,134696233.76,,160106779.8,,,,,,,,,,,,,,,,,,,,,,,,,其他,未审计,20020813,CNY,合并期末,2020-03-13T16:00:40
20020331,1068391795.14,1062734559.69,,,,,,932094002.76,773737089.95,,,,,,,,,3574226.91,,72043847.86,74400649.65,8338188.39,,,23536334.48,,,,,,,,441539.62,,,,5657235.45,,160275666.48,2460654.1,,4385698.42,,158350622.16,25321619.56,,133029002.6,,,69034709.5,,63994293.1,,,,,,,,,,,,,,,,,,,,,,,,,其他,未审计,20020430,CNY,合并期末,2020-03-13T16:00:40
20011231,3857977486.4,3844769510.0,,,,,,3297506070.03,2554268178.51,,,,,,,,,8993988.46,,290137966.11,438597820.0,5508116.95,,,47111894.54,,,,,,,,541963.46,,,,13207976.4,,608125274.37,23022268.89,,13003709.07,,618143834.19,113460021.93,,504683812.26,,,246444551.36,,258239260.9,,,,,,,,,,,,,,,,,,,,,,,,,其他,是,20020423,CNY,合并期末,2020-03-13T16:00:40
20010630,1922637503.97,1915385584.38,,,,,,1637098393.13,1325904135.07,,,,,,,,,4345517.26,,135552574.75,166998603.77,4297562.28,,,42178051.18,,,,,,,,1161751.3,,,,7251919.59,,328878913.32,1340096.32,,3122847.0,,327096162.64,53085201.84,,274010960.79,,,145924889.73,,128086071.06,,,,,,,,,,,,,,,,,,,,,,,,,定期报告,未审计,20010822,CNY,合并期末,2020-03-13T16:00:40
20001231,3640342456.74,3628284505.64,,,,,,3177779707.99,2488240344.12,,,,,,,,,8228819.03,,246005689.98,428591434.54,5253094.06,,,116410829.4,,,,,,,,54717.43,,,,12057951.1,,579028295.58,5601648.53,,8136038.95,,576493905.16,100791733.87,,475702171.29,,,275868909.14,,199833262.15,,,,,,,,,,,,,,,,,,,,,,,,,其他,是,20010328,CNY,合并期末,2020-03-13T16:00:40
20000630,1765141891.22,1759872948.42,,,,,,1517199089.64,1254158982.94,,,,,,,,,4186741.08,,127462441.63,131075063.07,-87429.7,,,55492097.76,,,,,,,,43000.0,,,,5268942.8,,303477899.34,1886648.34,,1600821.46,,303763726.22,47229977.8,,256533748.42,,,145360130.51,,111173617.91,,,,,,,,,,,,,,,,,,,,,,,,,其他,未审计,20000823,CNY,合并期末,2020-03-13T16:00:40
19991231,3510059294.45,3503166528.14,,,,,,3059893443.01,2461372469.1,,,,,,,,,7988472.26,,214680939.51,377039988.45,-6568664.41,,,42252799.11,,,,,,,,35716077.38,,,,6892766.31,,528134727.93,6357306.61,,6018287.25,,528473747.29,97455708.07,,431018039.22,,,244333013.37,,186685025.85,,,,,,,,,,,,,,,,,,,,,,,,,其他,是,20000407,CNY,合并期末,2020-03-13T16:00:40
19990630,1642695043.82,1640969270.56,,,,,,1383200729.56,1156607381.01,,,,,,,,,3979167.01,,98544459.2,118137266.47,5932455.87,,,-8467811.91,,,,,,,,,,,,1725773.26,,251026502.35,307361.53,,1688374.88,,249645489.0,39232814.83,,210412674.17,,,98950981.1,,111461693.07,,,,,,,,,,,,,,,,,,,,,,,,,其他,未审计,19990816,CNY,合并期末,2020-03-13T16:00:40
19981231,444399064.31,444323044.92,,,,,,486954938.42,405519122.7,,,,,,,,,4178453.65,,5778042.52,67592013.68,868607.39,,,44423828.26,,,,,,,,,,,,76019.39,,1867954.15,8109854.05,,1187969.66,,8789838.54,2796995.65,,5992842.89,,,10415260.81,,-4422417.92,,,,,,,,,,,,,,,,,,,,,,,,,其他,是,19990210,CNY,合并期末,2020-03-13T16:00:40
19980630,213570809.87,202091770.88,,,,,,224700016.57,157687789.38,,,,,,,,,706418.24,,14938744.03,33930334.38,17436730.54,,,-2405395.41,,,,,,,,,,,,11479038.99,,-13534602.11,441262.35,,524526.84,,-13617866.6,,,-13617866.6,,,-13617866.6,,,,,,,,,,,,,,,,,,,,,,,,,,,其他,未审计,19980826,CNY,合并期末,2020-03-13T16:00:40
19971231,918221399.27,918888298.01,,,,,,874566359.05,738657178.74,,,,,,,,,9634697.47,,24044238.5,79345908.53,22884335.81,,,43588942.6,,,,,,,,,,,,-666898.74,,86357633.82,237833.84,,1877884.51,,84717583.15,8176697.29,,76540885.86,,,76540885.86,,,,,,,,,,,,,,,,,,,,,,,,,,,其他,是,19980426,CNY,合并期末,2020-03-13T16:00:40
19970630,393349759.07,393462052.2,,,,,,,,,,,,,,,,,,,,,,,2100000.0,,,,,,,,,,,,-112293.13,,12581696.99,,,,,12581696.99,1624615.5,,10957081.49,,,10957081.49,,,,,,,,,,,,,,,,,,,,,,,,,,,其他,未审计,19970830,CNY,合并期末,2020-03-13T16:00:40
19961231,1350938321.28,1350796162.82,,,,,,1345686129.46,1121670089.03,,,,,,,,,2962011.87,,50761337.53,120362071.26,49930619.77,,,5299206.3,,,,,,,,,,,,142158.46,,12716325.95,1274108.6,,1824215.68,,12166218.87,1799885.61,,10366333.26,,,10366333.26,,,,,,,,,,,,,,,,,,,,,,,,,,,其他,是,19970429,CNY,合并期末,2020-03-13T16:00:40
19960630,953254408.08,953095812.62,,,,,,,,,,,,,,,,,,,,,,,3033836.53,,,,,,,,,,,,158595.46,,60862087.51,,,,,60862087.51,9698012.97,,51164074.54,,,51164074.54,,,,,,,,,,,,,,,,,,,,,,,,,,,其他,未审计,19960823,CNY,合并期末,2020-03-13T16:00:40
19951231,1925366523.18,1924570651.91,,,,,,1747435229.16,1522442725.41,,,,,,,,,5920842.52,,26810633.8,168183396.7,24077630.73,,,10641347.55,,,,,,,,,,,,795871.27,,189954890.67,6279436.89,,3170951.5,,193063376.06,28336126.85,,164727249.21,,,164727249.21,,,,,,,,,,,,,,,,,,,,,,,,,,,其他,未审计,19960423,CNY,合并期末,2020-03-13T16:00:40
19950630,1099700000.0,1099680000.0,,,,,,,,,,,,,,,,,,,,,,,5790000.0,,,,,,,,,,,,20000.0,,129270000.0,,,,,129270000.0,19730000.0,,109540000.0,,,109660000.0,,-120000.0,,,,,,,,,,,,,,,,,,,,,,,,,其他,未审计,19950811,CNY,合并期末,2020-03-13T16:00:40
19941231,1434362000.0,1434156000.0,,,,,,,,,,,,,,,,,,,,,,,7729000.0,,,,,,,,,,,,206000.0,,189945000.0,,,,,189945000.0,27810000.0,,162135000.0,,,162366000.0,,-231000.0,,,,,,,,,,,,,,,,,,,,,,,,,其他,未审计,19950327,CNY,合并期末,2020-03-13T16:00:40
19940630,765920060.38,767120945.7,,,,,,,,,,,,,,,,,,,,,,,2092581.44,,,,,,,,,,,,-1200885.32,,116873918.18,1977985.59,,12347969.72,,106503934.05,16447145.28,,90056788.77,,,90077826.57,,-21037.8,,,,,,,,,,,,,,,,,,,,,,,,,其他,未审计,19940810,CNY,合并期末,2020-03-13T16:00:40
19930630,587340000.0,585220000.0,,,,,,528580000.0,482620000.0,,,,,,,,,45960000.0,,,,,,,,,,,,,,,,,,,2120000.0,,58750000.0,,,,,58750000.0,4330000.0,,54430000.0,,,54430000.0,,,,,,,,,,,,,,,,,,,,,,,,,,,其他,未审计,19930630,CNY,合并期末,2020-03-13T16:00:40
19921231,778590000.0,773370000.0,,,,,,693920000.0,622550000.0,,,,,,,,,71370000.0,,,,,,,,,,,,,,,,,,,5220000.0,,84660000.0,,,,,84660000.0,4220000.0,,80440000.0,,,80440000.0,,,,,,,,,,,,,,,,,,,,,,,,,,,其他,未审计,19921231,CNY,合并期末,2020-03-13T16:00:40
19911231,635150000.0,630840000.0,,,,,,563700000.0,511020000.0,,,,,,,,,52680000.0,,,,,,,,,,,,,,,,,,,4310000.0,,71460000.0,,,,,71460000.0,12510000.0,,58950000.0,,,58950000.0,,,,,,,,,,,,,,,,,,,,,,,,,,,其他,未审计,19911231,CNY,合并期末,2020-03-13T16:00:40
19901231,544300000.0,542050000.0,,,,,,473000000.0,438350000.0,,,,,,,,,34650000.0,,,,,,,,,,,,,,,,,,,2250000.0,,71300000.0,,,,,71300000.0,3630000.0,,67670000.0,,,67670000.0,,,,,,,,,,,,,,,,,,,,,,,,,,,其他,未审计,19901231,CNY,合并期末,2020-03-13T16:00:40
